v 0.28654116148788755 -0.07976099172879098 0.37363426200897365 0.8785953478277823
v -0.1310490284210305 -0.13103983985667841 0.883840796173921 0.4295115359788249
v -0.482576170524054 0.5577014549827984 -0.47635045116500996 -0.47872703540462397
v 0.09138335333764033 -0.7226001124054343 -0.6514601418920659 -0.2123625292051096
v -0.510018321208814 0.15824148152326684 -0.45724198764903734 -0.7111755833037451
v 0.7123223998935623 -0.10972991593340396 0.03281949525956322 -0.6924442395529272
v -0.4086534084354878 0.08326659226183998 -0.8640197921622718 0.2820263553979019
v -0.29173593343190635 -0.14167843297556826 -0.2922546334712851 0.8996691591850676
v -0.007445818098368476 -0.5834920385912991 0.4537614148222547 -0.6734850993985849
v 0.0875850867393795 -0.8217701978014543 -0.5569629800547777 0.08255200442578832
v 0.8963544589351379 0.20800768393017222 -0.14037446838492493 -0.36548118419249903
v -0.7361482912799795 -0.35840663003318995 -0.22934961153678077 0.5263355740226444
v 0.1842066010709255 -0.9451290703378604 0.17373465928941745 -0.20643458209752216
v -0.4072663502693313 0.3680116314581491 0.6202951188860232 0.560299495391513
v -0.6151255643890056 -0.22664497814720175 0.2428078532262696 0.7150503061515407
v -0.28046524341628726 -0.1086679666181225 -0.6475483932104354 -0.7001511256272525
v 0.43358001614074615 0.7237167820042225 -0.038426039907382505 0.5355052086636313
v 0.2073060167171807 -0.36981162652459126 0.20716819743601214 0.8816716590041929
v -0.011336002498269849 0.4950813662870932 -0.8289344226317884 0.2600647203654657
v 0.04322292228937483 -0.14847107128038495 0.045563497929129455 -0.9869205072537928
v -0.13549258818887186 0.22026535605093264 0.911558102232297 -0.319666635300417
v -0.5941818452754073 -0.36875359924941836 0.6727515437584634 0.24160728084293293
v -0.4337365235004001 0.42023321208638625 0.07948139264661272 0.7930695958516503
v -0.412553939810223 -0.19254713166921755 -0.2304181333536607 -0.860018797849695
v 0.6448158149915009 0.5684601195067587 0.011134792068336074 -0.5108245037904926
v -0.8252758914498661 -0.24527032629379675 -0.19983034814588901 -0.4677926912546369
v -0.08298447085326839 0.20789161175044496 0.9704774051341982 0.0898235018522367
v 0.1329229646795516 -0.03842188631185201 -0.9902868241185375 -0.013683935481379098
v 0.024190745524280344 0.9893318181385508 -0.07725948742967119 0.12111289382949067
v -0.019288899549371002 -0.6494198787506379 0.6350524522113289 0.41783985254886685
v 0.34085645154529104 -0.3918559573729457 0.6044654616807531 -0.6040590151188533
v 0.2311759851904627 0.8628689039668554 -0.39019416012539626 -0.2230771970468814
v 0.06095510565249 -0.30796780017131486 -0.9485153885143442 0.041938847194665466
v -0.4952792359377433 0.22080361214981922 -0.4286643512114953 0.7226279245302837
v -0.46041500774204774 -0.18931545762797367 0.47820486629088493 -0.7235314671835068
v 0.10870376914715596 0.6246873518678795 -0.7682209473144503 0.08823706192290394
v 0.13072087636846635 0.39325639567330095 -0.6221854025319383 -0.6641888169938381
v 0.7080496227235541 0.40288013005612916 0.3398107755083984 0.4699808181355597
v -0.6447064850784948 0.22019120774842713 0.2778512576646745 -0.6772503663654824
v 0.7915566310958801 0.20102407249048093 -0.505411654637674 0.2785435000208963
v -0.514749372608321 0.4156755157523422 0.6118780783696719 -0.4334191576453468
v 0.41564667860693877 0.17809349439458333 0.35467619006173584 0.8183674883697654
v -0.16993718853228001 -0.5219804722104715 -0.616010195569894 -0.5649682978173362
v -0.08204541693312993 0.36302640011600046 0.29443201927815715 0.8802216586763094
v 0.004200217757894307 0.46955933028136015 -0.085496506289443 0.8787415666331062
v 0.3952509911472752 -0.54148961896947 -0.6765117642511403 0.3047908781036671
v -0.25157610980862405 0.8038272074842177 0.5327745308091522 -0.08199134590169527
v -0.42635881833223166 -0.7627223240911571 -0.2248193193558734 0.43119495359719673
v 0.16064331111461613 -0.9347288637937334 0.12994474669801365 0.2891194227142094
v -0.6078096909959103 0.10571343897343466 0.040028879910764266 -0.7859960159726991
v 0.21670197906566305 0.3396517880763084 0.6559743966280539 0.6382589647580769
v -0.7576103438092773 -0.5157303831010162 0.2832290932348064 0.2825420670361443
v 0.12594306356657592 0.9420968580842233 0.13959814166616952 0.2776764548366544
v 0.6729245809165249 0.45947209069364386 -0.22238158507029385 0.5353544030766487
v -0.8166174594854345 -0.2502379650107862 -0.5128667386870959 0.08651354853014388
v 0.6705317359376042 -0.5409266788076643 0.1988022092683877 -0.46718647331084107
v -0.2941428253608829 0.6787145104825697 0.04006405966963687 -0.671730215690727
v -0.5738423631073029 0.5451977574875735 -0.585926381275007 0.17365086599243476
v 0.019565741702139816 -0.27975706315980897 0.9204775660606626 0.27216579091223464
v -0.8796182936491604 0.08098621167791209 -0.2874461703264251 0.3702534134352734
v -0.6177637199202938 -0.08943615914856917 0.39363363612709507 0.6748494056427362
v -0.8083189564882961 -0.22526410002528355 -0.3198437453031495 -0.439973326932355
v 0.7386166905201748 0.1694330242303827 -0.5275185910979253 0.3840077744411315
v 0.7450750376822501 0.36249174023743197 -0.5334407694542225 -0.1700113877554056
v 0.7435849720974702 -0.4153506583190222 0.2604898199106582 0.45465401529918564
v -0.2630404878992195 -0.016891858862093403 -0.9197934135146772 -0.29069647965694684
v -0.10038029000932794 -0.495916991051729 0.6487829886678269 -0.5683931464920079
v -0.2109924324159068 0.06268746286110746 0.6910613954482672 -0.688466864260256
v 0.7312815083348264 0.006433529486645313 -0.6170748748422179 0.2905246359680134
v 0.26762879867089373 -0.8069705990116691 0.09384646197103964 -0.5180406548025361
v 0.05351889482686155 0.31216817000872554 0.7477435892202006 -0.5835805739655893
v 0.7219375523720264 -0.6606954700039201 -0.051372548267887695 0.19911938046270242
v 0.3237981567412373 -0.7175615378011303 -0.23982758499641177 -0.5681046757722057
v -0.4551441124126921 0.6561155681543406 0.275709557727302 -0.5351078750489335
v 0.6424254609692361 0.21944982624603449 0.580483985892121 0.4496327868181386
v -0.5964093023789151 -0.40301470936255807 0.5376303256735586 0.43912267191463933
v -0.014792286160782065 0.08303386963578892 0.9042173907169978 -0.41866152807296275
v 0.4332103736749882 -0.16010304112203505 -0.17236740411809093 0.8700490022759888
v 0.47280054763170554 0.4659803526745375 0.7477815234710157 0.012031052981338643
v 0.8249620777871449 -0.37533131896408534 0.392145732849775 -0.1574347338598117
v 0.04169723799535648 0.255849860724768 -0.3517418746653081 0.8994886562473204
v -0.4766690378745583 -0.575304292449687 0.5487336560730239 0.3751039510768187
v 0.49502786300675317 0.498379519737303 -0.009713669756188271 -0.7116676989812382
v 0.06324124091603013 -0.5649336656960156 0.8135102090490223 -0.12268511965058837
v -0.7316374069567472 -0.2848439761312838 0.36598076847622923 -0.4996285531361036
v -0.801478116311974 0.23753967706104584 0.23878676207778332 -0.4941544426099515
v -0.22575149104529002 0.11121307700588588 -0.694014043769186 -0.6745460865240074
v -0.4266893779387147 -0.12676785433384088 0.1846503205637732 0.8762250538403719
v 0.6452788590797173 -0.12033322934380203 -0.014307257340222729 -0.7542747578488035
v -0.019823971328510867 -0.30909731252620004 0.34556887012283566 -0.8858035998752058
v 0.3108015289688505 0.9172634928864402 -0.06508721923485034 0.24040330301530116
v 0.8322526085718164 -0.48383639986708254 0.27023571137038804 0.015185321504932266
v 0.10559190767917186 -0.8356555896953287 0.02649651343574931 0.5383567768862716
v 0.5051916589604333 0.3339542808989706 0.7495948794534479 -0.2671393693996215
v 0.34911988783311965 0.07337707923441958 0.876402233581903 -0.32349688272851573
v -0.34713016617558456 -0.24778117963092564 -0.8779910664281102 -0.21734033685454704
v -0.36885384867491966 0.07307461497573743 0.16605530674316937 0.9116098804128216
v 0.6287092149138465 -0.3816241026999958 -0.5943049405921328 0.3254065225354575
v -0.509728808030631 0.7071078720879304 0.4553700086331531 -0.1811440165514531
v -0.6818201431152286 0.5388353571993459 -0.04558636368387231 0.4926455457225449
f 19 63 69 81
f 59 65 80 84
f 13 26 43 48
f 16 37 43 87
f 1 2 30 59
f 14 27 41 99
f 31 56 80 84
f 21 22 27 59
f 9 13 26 70
f 22 67 77 84
f 16 43 66 96
f 20 24 35 50
f 19 36 63 69
f 31 67 77 84
f 10 13 43 48
f 1 18 30 65
f 5 55 62 66
f 31 68 71 77
f 57 68 71 74
f 22 41 85 86
f 8 23 34 97
f 8 34 88 97
f 3 36 58 66
f 16 20 37 89
f 41 68 71 74
f 20 24 73 90
f 29 45 58 100
f 26 50 85 86
f 4 10 13 73
f 9 13 26 85
f 37 43 73 89
f 13 70 72 73
f 13 30 82 84
f 65 72 78 93
f 22 67 82 84
f 13 26 43 70
f 31 71 89 90
f 32 36 64 91
f 24 70 73 90
f 60 61 86 100
f 5 20 37 57
f 25 53 79 91
f 1 2 18 30
f 9 13 31 84
f 17 19 36 91
f 16 28 43 87
f 2 14 22 61
f 15 48 82 93
f 11 25 38 79
f 58 60 86 100
f 11 40 69 92
f 20 39 57 68
f 21 27 47 79
f 16 20 73 89
f 55 62 66 96
f 17 42 44 51
f 27 51 59 75
f 9 31 70 90
f 23 45 81 97
f 23 44 45 97
f 44 45 81 97
f 32 36 37 64
f 8 18 78 81
f 16 20 24 43
f 46 78 81 98
f 20 70 89 90
f 31 80 94 95
f 26 52 55 60
f 17 38 42 51
f 55 58 60 62
f 20 57 71 83
f 11 38 80 92
f 17 38 54 91
f 52 67 82 85
f 47 57 71 83
f 20 35 50 68
f 6 31 56 89
f 9 24 26 85
f 35 67 68 77
f 13 43 70 73
f 13 26 52 85
f 24 35 50 85
f 10 49 72 93
f 16 24 43 62
f 3 55 58 66
f 38 75 79 94
f 19 36 58 66
f 28 36 37 66
f 21 71 77 95
f 7 8 12 34
f 26 52 60 86
f 1 42 51 75
f 23 44 45 53
f 17 44 45 53
f 1 18 65 78
f 11 64 73 89
f 7 12 55 60
f 5 20 24 50
f 2 61 88 97
f 25 47 53 79
f 20 71 83 89
f 25 54 64 91
f 6 11 73 89
f 11 40 54 64
f 20 71 89 90
f 13 31 56 70
f 21 22 41 85
f 47 57 71 74
f 12 48 52 55
f 29 45 53 91
f 31 67 68 77
f 31 67 68 90
f 31 68 71 90
f 20 35 68 90
f 20 57 68 71
f 3 57 74 86
f 5 20 24 87
f 21 35 41 85
f 4 13 43 73
f 31 56 89 90
f 39 41 85 86
f 20 68 71 90
f 5 16 24 87
f 21 71 79 94
f 21 22 59 84
f 41 74 86 99
f 25 29 32 57
f 23 34 45 100
f 34 45 58 100
f 21 41 68 71
f 6 11 56 80
f 13 67 82 84
f 38 51 53 79
f 25 71 83 94
f 21 22 27 41
f 23 45 53 100
f 29 45 53 100
f 69 78 81 98
f 22 35 67 85
f 38 42 65 78
f 6 71 83 89
f 3 5 37 57
f 13 80 84 92
f 11 38 79 94
f 30 59 65 84
f 16 43 73 89
f 5 16 62 96
f 9 31 67 90
f 5 50 62 86
f 8 46 78 93
f 20 39 50 57
f 5 20 37 87
f 14 27 47 99
f 16 20 43 73
f 5 16 24 62
f 12 15 34 88
f 21 22 35 85
f 15 48 52 82
f 13 56 70 72
f 31 77 84 95
f 30 59 82 84
f 10 13 49 72
f 30 65 84 92
f 18 30 82 93
f 27 59 77 95
f 21 22 35 67
f 9 13 67 85
f 9 24 70 90
f 9 31 67 84
f 16 37 43 89
f 9 13 67 84
f 15 23 34 60
f 12 15 34 60
f 7 34 58 60
f 9 24 43 70
f 36 40 54 63
f 28 37 64 73
f 22 52 61 86
f 13 31 56 84
f 47 51 53 79
f 14 41 86 99
f 1 2 88 97
f 22 67 82 85
f 3 29 32 57
f 30 49 84 92
f 14 22 27 41
f 27 47 51 79
f 19 34 45 58
f 11 37 83 89
f 4 10 43 48
f 22 59 82 84
f 13 30 49 82
f 38 65 75 92
f 18 30 65 93
f 46 72 93 98
f 25 47 79 94
f 14 47 99 100
f 8 46 78 81
f 3 55 58 62
f 27 41 47 99
f 1 2 18 88
f 4 10 48 55
f 26 48 55 62
f 15 23 34 97
f 15 34 88 97
f 17 19 45 81
f 40 63 65 69
f 36 54 64 91
f 72 78 93 98
f 28 37 43 73
f 19 29 36 58
f 14 47 51 53
f 17 45 54 81
f 17 19 45 91
f 38 53 79 91
f 17 19 36 54
f 25 38 54 91
f 20 37 57 83
f 31 56 70 90
f 1 59 65 75
f 3 86 99 100
f 25 29 47 53
f 56 72 73 98
f 56 70 89 90
f 20 70 73 90
f 20 70 73 89
f 56 70 73 89
f 9 13 31 70
f 5 24 26 50
f 56 70 72 73
f 19 29 45 58
f 2 27 51 59
f 20 24 35 90
f 21 27 41 47
f 9 24 35 90
f 41 47 74 99
f 39 41 68 74
f 11 37 64 89
f 15 52 60 61
f 20 39 50 68
f 9 24 35 85
f 3 50 57 86
f 27 59 79 95
f 26 50 62 86
f 2 30 59 82
f 21 47 71 79
f 21 41 47 71
f 11 25 38 54
f 29 32 36 58
f 17 36 54 91
f 14 23 61 100
f 14 61 86 100
f 11 56 72 92
f 17 38 51 53
f 1 30 59 65
f 21 27 59 77
f 1 42 65 78
f 24 43 70 73
f 13 26 48 52
f 5 20 50 57
f 26 60 62 86
f 5 24 26 62
f 20 24 43 73
f 24 26 43 62
f 21 27 79 95
f 12 52 55 60
f 16 43 62 96
f 26 43 48 62
f 19 28 69 81
f 9 26 43 70
f 9 24 26 43
f 4 28 33 98
f 4 33 43 96
f 4 10 72 73
f 7 33 46 81
f 3 37 66 87
f 8 18 78 93
f 4 10 13 43
f 10 13 72 73
f 14 22 41 86
f 52 60 61 86
f 15 48 88 93
f 8 12 48 88
f 14 86 99 100
f 3 60 62 86
f 14 23 61 97
f 2 14 61 97
f 15 61 76 88
f 14 23 53 100
f 14 47 53 100
f 30 76 82 88
f 17 19 54 81
f 1 2 44 97
f 1 45 78 81
f 4 10 33 96
f 29 47 53 100
f 29 47 57 74
f 8 12 34 88
f 8 33 46 48
f 4 43 48 55
f 33 48 55 96
f 17 42 45 54
f 16 28 43 66
f 4 43 55 96
f 28 37 43 87
f 13 52 67 85
f 8 48 88 93
f 18 30 82 88
f 3 5 55 66
f 39 41 74 86
f 6 11 83 89
f 39 57 74 86
f 41 47 71 74
f 39 57 68 74
f 3 5 62 86
f 5 62 66 96
f 39 50 57 86
f 38 54 65 78
f 7 19 58 66
f 5 16 66 96
f 28 33 66 96
f 17 42 44 45
f 1 42 44 45
f 3 29 74 99
f 1 42 45 78
f 29 47 74 99
f 14 27 47 51
f 1 42 44 51
f 17 44 51 53
f 25 29 53 91
f 38 42 65 75
f 42 45 54 78
f 33 43 66 96
f 25 47 57 83
f 16 20 37 87
f 7 19 34 81
f 7 19 28 66
f 32 37 57 83
f 20 37 83 89
f 6 31 71 89
f 25 29 47 57
f 3 74 86 99
f 3 29 57 74
f 17 38 42 54
f 13 49 84 92
f 11 38 40 92
f 11 69 72 98
f 3 32 36 58
f 10 48 55 96
f 3 32 37 57
f 3 58 60 62
f 11 40 64 69
f 3 32 36 37
f 3 58 86 100
f 3 36 37 66
f 3 58 60 86
f 3 58 99 100
f 47 71 79 94
f 6 11 25 83
f 13 56 80 84
f 38 75 80 94
f 11 64 69 98
f 49 65 72 92
f 35 67 68 90
f 9 35 67 90
f 5 26 50 62
f 9 35 67 85
f 35 39 41 68
f 21 35 41 68
f 35 39 41 85
f 6 71 83 94
f 59 80 84 95
f 21 68 71 77
f 21 35 68 77
f 21 22 77 84
f 21 59 77 84
f 21 35 67 77
f 21 22 67 77
f 38 75 80 92
f 14 23 44 53
f 14 44 51 53
f 2 14 22 27
f 4 10 33 46
f 7 19 34 58
f 13 48 49 82
f 18 65 78 93
f 15 18 82 93
f 29 58 99 100
f 3 29 58 99
f 29 47 99 100
f 3 29 32 58
f 10 46 48 93
f 43 48 55 62
f 7 55 58 66
f 26 55 60 62
f 43 55 62 96
f 7 55 58 60
f 7 55 66 96
f 13 48 52 82
f 22 52 85 86
f 26 48 52 55
f 4 10 55 96
f 3 5 55 62
f 19 28 36 66
f 10 33 48 96
f 7 33 48 55
f 7 33 55 96
f 7 19 28 81
f 7 8 33 48
f 26 52 85 86
f 63 69 78 81
f 40 65 69 72
f 63 65 78 98
f 25 32 64 91
f 28 33 43 66
f 8 18 88 93
f 15 18 88 93
f 2 22 76 82
f 14 22 61 86
f 2 22 59 82
f 15 18 82 88
f 7 8 12 48
f 15 23 61 100
f 15 23 60 100
f 15 60 61 100
f 2 30 76 88
f 14 23 44 97
f 2 14 44 97
f 12 15 52 60
f 15 76 82 88
f 1 44 45 81
f 8 18 88 97
f 23 34 60 100
f 34 58 60 100
f 1 18 78 81
f 45 54 78 81
f 1 18 81 97
f 2 30 76 82
f 36 40 63 69
f 25 32 57 83
f 11 37 64 83
f 38 40 54 65
f 19 54 63 81
f 19 36 54 63
f 38 42 54 78
f 54 63 78 81
f 54 63 65 78
f 28 37 66 87
f 11 25 64 83
f 13 30 49 84
f 19 28 36 69
f 11 64 73 98
f 8 46 48 93
f 25 32 37 83
f 11 56 73 98
f 36 40 64 69
f 25 47 71 83
f 17 38 53 91
f 28 46 69 81
f 28 36 64 69
f 6 11 25 94
f 3 5 66 87
f 5 16 66 87
f 3 5 37 87
f 4 28 43 73
f 16 20 24 87
f 4 28 33 43
f 16 28 66 87
f 3 5 50 86
f 39 50 85 86
f 3 5 50 57
f 35 39 50 85
f 35 39 50 68
f 24 26 50 85
f 6 31 56 80
f 6 56 73 89
f 31 71 77 95
f 6 11 56 73
f 4 28 64 73
f 6 31 80 94
f 1 42 65 75
f 11 25 54 64
f 13 56 80 92
f 13 56 72 92
f 11 69 72 92
f 11 56 80 92
f 65 80 84 92
f 30 49 65 92
f 1 51 59 75
f 27 59 75 79
f 27 51 75 79
f 38 51 75 79
f 59 65 75 80
f 38 42 51 75
f 65 75 80 92
f 1 2 51 59
f 15 52 61 76
f 2 14 27 51
f 2 22 27 59
f 1 2 44 51
f 2 14 44 51
f 2 18 30 88
f 10 48 49 93
f 10 13 48 49
f 48 49 82 93
f 30 49 82 93
f 49 65 72 93
f 13 49 72 92
f 30 49 65 93
f 19 29 45 91
f 17 45 53 91
f 29 32 36 91
f 25 29 32 91
f 19 29 36 91
f 25 38 79 91
f 7 12 48 55
f 12 15 48 88
f 7 8 33 46
f 7 28 66 96
f 7 28 33 96
f 7 28 33 81
f 4 28 64 98
f 40 65 72 92
f 1 18 88 97
f 8 23 81 97
f 8 18 81 97
f 7 12 34 60
f 1 44 81 97
f 15 23 61 97
f 15 61 88 97
f 40 54 63 65
f 40 69 72 92
f 11 38 40 54
f 38 40 65 92
f 28 64 69 98
f 28 36 37 64
f 65 69 72 98
f 65 72 78 98
f 63 65 69 98
f 63 69 78 98
f 4 46 72 73
f 4 10 46 72
f 28 33 46 81
f 37 64 73 89
f 11 56 72 98
f 25 32 37 64
f 36 40 54 64
f 25 37 64 83
f 4 64 73 98
f 6 25 83 94
f 11 25 79 94
f 6 11 80 94
f 11 38 80 94
f 59 75 79 95
f 6 31 71 94
f 31 71 94 95
f 25 47 71 94
f 59 75 80 95
f 12 15 48 52
f 21 71 94 95
f 22 52 82 85
f 13 52 67 82
f 23 34 45 81
f 19 34 45 81
f 8 23 34 81
f 7 8 34 81
f 46 78 93 98
f 10 46 72 93
f 10 33 46 48
f 46 72 73 98
f 28 46 69 98
f 4 46 73 98
f 4 33 46 98
f 7 8 46 81
f 28 33 46 98
f 46 69 81 98
f 75 80 94 95
f 31 80 84 95
f 59 77 84 95
f 21 79 94 95
f 21 27 77 95
f 75 79 94 95
f 22 52 61 76
f 2 22 61 76
f 22 52 76 82
f 2 61 76 88
f 15 52 76 82
